		
Frequency	dB	Unweighted
19.5	85.053
19.8	85.174
20.1	85.278
20.3	85.278
20.6	85.383
20.9	85.499
21.2	85.616
21.6	85.701
21.9	85.776
22.2	85.848
22.5	85.951
22.8	86.069
23.2	86.191
23.5	86.191
23.8	86.292
24.2	86.370
24.5	86.439
24.9	86.508
25.3	86.603
25.6	86.712
26	86.819
26.4	86.918
26.8	86.988
27.2	87.036
27.5	87.074
28	87.152
28.4	87.214
28.8	87.285
29.2	87.363
29.6	87.443
30	87.515
30.5	87.554
30.9	87.582
31.4	87.617
31.8	87.651
32.3	87.680
32.8	87.745
33.2	87.795
33.7	87.855
34.2	87.919
34.7	88.047
35.2	88.091
35.7	88.141
36.2	88.161
36.8	88.206
37.3	88.223
37.9	88.244
38.4	88.285
39	88.355
39.5	88.398
40.1	88.440
40.7	88.427
41.3	88.404
41.9	88.413
42.5	88.444
43.1	88.426
43.7	88.406
44.4	88.378
45	88.335
45.7	88.285
46.3	88.274
47	88.322
47.7	88.333
48.4	88.331
49.1	88.347
49.8	88.391
50.5	88.430
51.3	88.448
52	88.460
52.8	88.476
53.5	88.465
54.3	88.419
55.1	88.394
55.9	88.356
56.7	88.258
57.5	88.168
58.4	88.107
59.2	87.947
60.1	87.784
61	87.608
61.8	87.328
62.7	87.072
63.7	86.644
64.6	86.364
65.5	85.899
66.5	85.438
67.4	85.067
68.4	84.616
69.4	84.308
70.4	84.193
71.5	84.087
72.5	83.985
73.5	84.387
74.6	84.345
75.7	84.724
76.8	84.978
77.9	85.278
79.1	85.615
80.2	85.858
81.4	86.400
82.6	86.727
83.8	87.130
85	87.276
86.2	87.370
87.5	87.269
88.7	87.079
90	86.906
91.3	86.684
92.7	86.754
94	86.829
95.4	87.054
96.8	87.118
98.2	87.555
99.6	87.625
101	87.759
103	87.828
104	87.839
106	87.861
107	87.791
109	87.785
110	87.756
112	87.859
113	88.013
115	88.049
117	87.877
118	87.970
120	87.749
122	87.700
124	87.544
125	87.485
127	87.345
129	87.005
131	86.867
133	86.684
135	86.325
137	86.139
139	85.991
141	85.751
143	85.554
145	85.225
147	84.943
149	84.691
151	84.370
154	83.902
156	83.434
158	83.058
160	82.836
163	82.295
165	81.936
168	81.160
170	80.840
172	80.456
175	79.824
177	79.379
180	78.900
183	78.355
185	78.000
188	77.659
191	77.405
194	77.466
196	77.278
199	77.087
202	77.056
205	77.086
208	76.991
211	77.102
214	77.222
217	77.328
220	77.568
224	78.005
227	78.263
230	78.477
234	78.835
237	79.105
240	79.327
244	79.613
247	79.801
251	80.126
255	80.318
258	80.491
262	80.611
266	80.777
270	81.004
274	81.253
278	81.339
282	81.460
286	81.573
290	81.697
294	81.819
298	81.882
303	81.996
307	82.099
312	82.214
316	82.305
321	82.362
325	82.427
330	82.470
335	82.514
340	82.571
345	82.627
350	82.659
355	82.698
360	82.730
365	82.750
371	82.786
376	82.786
382	82.818
387	82.815
393	82.854
398	82.822
404	82.834
410	82.863
416	82.894
422	82.885
428	82.898
434	82.886
441	82.901
447	82.898
454	82.886
460	82.912
467	82.932
474	82.965
481	82.986
488	83.006
495	83.017
502	83.067
509	83.118
517	83.169
524	83.229
532	83.276
540	83.311
547	83.342
555	83.373
563	83.388
572	83.410
580	83.434
588	83.447
597	83.459
606	83.479
614	83.496
623	83.555
632	83.571
642	83.578
651	83.484
660	83.508
670	83.479
680	83.465
690	83.443
700	83.428
710	83.402
720	83.381
731	83.371
741	83.355
752	83.352
763	83.331
774	83.330
785	83.326
797	83.316
808	83.311
820	83.303
832	83.299
844	83.282
856	83.268
869	83.231
882	83.207
894	83.182
907	83.156
921	83.140
934	83.129
948	83.104
961	83.089
975	83.064
990	83.035
1004	83.056
1019	83.066
1033	83.077
1048	83.087
1064	83.102
1079	83.139
1095	83.182
1111	83.231
1127	83.281
1143	83.316
1160	83.370
1177	83.442
1194	83.550
1211	83.696
1229	83.858
1247	84.021
1265	84.116
1283	84.136
1302	84.069
1321	83.948
1340	83.833
1360	83.707
1379	83.591
1399	83.481
1420	83.380
1440	83.278
1461	83.184
1483	83.116
1504	83.074
1526	83.058
1548	83.052
1571	83.072
1594	83.104
1617	83.169
1640	83.235
1664	83.321
1688	83.445
1713	83.605
1738	83.742
1763	83.810
1789	83.834
1815	83.864
1841	83.931
1868	84.025
1895	84.167
1923	84.313
1951	84.465
1979	84.621
2008	84.779
2037	84.922
2067	85.120
2097	85.307
2127	85.515
2158	85.635
2190	85.824
2221	86.021
2254	86.193
2287	86.457
2320	86.618
2354	86.851
2388	87.104
2423	87.299
2458	87.521
2494	87.730
2530	87.902
2567	88.069
2604	88.213
2642	88.304
2680	88.456
2719	88.528
2759	88.646
2799	88.710
2840	88.768
2881	88.826
2923	88.847
2965	88.861
3008	88.948
3052	89.168
3097	89.386
3142	89.602
3187	89.766
3234	89.892
3281	89.969
3328	90.038
3377	90.092
3426	90.133
3476	90.163
3526	90.133
3578	89.999
3630	89.780
3682	89.554
3736	89.346
3790	89.289
3846	89.440
3901	89.836
3958	90.611
4016	91.870
4074	93.551
4133	95.492
4194	97.517
4255	99.243
4316	100.592
4379	101.557
4443	102.065
4508	102.217
4573	102.202
4640	102.051
4707	101.792
4776	101.427
4845	100.983
4916	100.433
4987	99.790
5060	99.061
5133	98.259
5208	97.395
5284	96.588
5360	95.735
5438	94.870
5518	93.993
5598	93.175
5679	92.420
5762	91.703
5846	91.053
5931	90.407
6017	89.730
6104	89.185
6193	88.980
6283	88.982
6375	88.995
6467	88.976
6561	88.984
6657	89.041
6754	89.182
6852	89.432
6952	89.760
7053	90.160
7155	90.621
7259	91.112
7365	91.630
7472	92.172
7581	92.698
7691	93.200
7803	93.646
7916	94.034
8032	94.401
8148	94.657
8267	94.779
8387	94.647
8509	94.278
8633	93.667
8758	92.874
8886	91.893
9015	90.817
9146	89.717
9279	88.655
9414	87.712
9551	86.874
9690	86.159
9831	85.570
9974	85.080
10119	84.709
10266	84.471
10416	84.340
10567	84.282
10721	84.294
10877	84.349
11035	84.445
11196	84.511
11358	84.624
11524	84.711
11691	84.826
11861	85.045
12034	85.405
12209	85.798
12386	86.021
12567	85.939
12749	85.468
12935	84.709
13123	83.870
13314	82.940
13507	82.121
13704	81.400
13903	80.783
14105	80.357
14311	80.133
14519	80.215
14730	80.538
14944	81.148
15162	81.825
15382	82.388
15606	82.623
15833	82.399
16063	81.636
16297	80.643
16534	79.606
16774	78.761
17018	78.067
17266	77.544
17517	76.966
17772	76.599
18030	76.514
18293	76.600
18559	76.603
18829	76.030
19102	74.472
19380	72.453
20000	67.844
overall dB	0.0 dB	
decay	Average	
averaging	No Smoothing	
source	Totally Made Up	
		
		
saved	--/-/--, --:-- AM	
peak	0.0Hz	