Frequency	dB	Unweighted
19.5	91.683
19.8	91.604
20.1	91.522
20.3	91.522
20.6	91.407
20.9	91.279
21.2	91.190
21.6	91.157
21.9	91.203
22.2	91.283
22.5	91.376
22.8	91.443
23.2	91.484
23.5	91.484
23.8	91.501
24.2	91.505
24.5	91.505
24.9	91.496
25.3	91.497
25.6	91.505
26	91.527
26.4	91.567
26.8	91.604
27.2	91.632
27.5	91.650
28	91.670
28.4	91.699
28.8	91.738
29.2	91.786
29.6	91.839
30	91.890
30.5	91.921
30.9	91.957
31.4	92.042
31.8	92.101
32.3	92.148
32.8	92.211
33.2	92.242
33.7	92.268
34.2	92.287
34.7	92.303
35.2	92.298
35.7	92.275
36.2	92.261
36.8	92.222
37.3	92.203
37.9	92.202
38.4	92.239
39	92.262
39.5	92.255
40.1	92.212
40.7	92.187
41.3	92.143
41.9	92.114
42.5	92.045
43.1	91.982
43.7	91.950
44.4	91.862
45	91.761
45.7	91.709
46.3	91.684
47	91.561
47.7	91.517
48.4	91.462
49.1	91.424
49.8	91.347
50.5	91.246
51.3	91.155
52	91.062
52.8	90.963
53.5	90.866
54.3	90.769
55.1	90.657
55.9	90.599
56.7	90.529
57.5	90.457
58.4	90.402
59.2	90.338
60.1	90.302
61	90.270
61.8	90.227
62.7	90.188
63.7	90.142
64.6	90.131
65.5	90.069
66.5	89.945
67.4	89.876
68.4	89.724
69.4	89.466
70.4	89.282
71.5	88.980
72.5	88.629
73.5	88.247
74.6	87.840
75.7	87.446
76.8	87.033
77.9	86.669
79.1	86.340
80.2	85.920
81.4	85.610
82.6	85.295
83.8	85.010
85	84.745
86.2	84.548
87.5	84.172
88.7	84.045
90	83.837
91.3	83.837
92.7	83.731
94	83.701
95.4	83.735
96.8	83.809
98.2	83.770
99.6	83.957
101	84.039
103	84.018
104	84.075
106	84.192
107	84.216
109	84.343
110	84.380
112	84.417
113	84.476
115	84.445
117	84.452
118	84.476
120	84.556
122	84.478
124	84.376
125	84.401
127	84.524
129	84.547
131	84.595
133	84.628
135	84.562
137	84.595
139	84.591
141	84.599
143	84.650
145	84.646
147	84.647
149	84.682
151	84.704
154	84.719
156	84.761
158	84.765
160	84.800
163	84.843
165	84.884
168	84.915
170	84.962
172	84.978
175	85.041
177	85.036
180	85.090
183	85.114
185	85.164
188	85.184
191	85.271
194	85.361
196	85.408
199	85.497
202	85.555
205	85.589
208	85.637
211	85.668
214	85.721
217	85.782
220	85.840
224	85.903
227	85.928
230	85.937
234	85.953
237	85.953
240	85.981
244	86.009
247	86.025
251	86.007
255	85.993
258	86.018
262	85.979
266	85.963
270	85.968
274	85.965
278	85.961
282	85.940
286	85.896
290	85.865
294	85.817
298	85.776
303	85.753
307	85.749
312	85.742
316	85.715
321	85.673
325	85.640
330	85.600
335	85.548
340	85.503
345	85.453
350	85.408
355	85.360
360	85.308
365	85.258
371	85.189
376	85.133
382	85.070
387	85.018
393	84.958
398	84.901
404	84.855
410	84.808
416	84.782
422	84.739
428	84.696
434	84.671
441	84.580
447	84.530
454	84.467
460	84.414
467	84.364
474	84.316
481	84.265
488	84.219
495	84.189
502	84.149
509	84.150
517	84.163
524	84.154
532	84.148
540	84.158
547	84.156
555	84.160
563	84.160
572	84.201
580	84.216
588	84.237
597	84.257
606	84.306
614	84.372
623	84.421
632	84.473
642	84.455
651	84.473
660	84.447
670	84.434
680	84.419
690	84.416
700	84.382
710	84.335
720	84.297
731	84.241
741	84.191
752	84.148
763	84.083
774	84.028
785	83.999
797	83.980
808	83.954
820	83.957
832	83.969
844	83.986
856	84.036
869	84.102
882	84.174
894	84.264
907	84.356
921	84.464
934	84.561
948	84.677
961	84.789
975	84.915
990	85.048
1004	85.165
1019	85.293
1033	85.411
1048	85.538
1064	85.662
1079	85.802
1095	85.951
1111	86.090
1127	86.198
1143	86.281
1160	86.340
1177	86.377
1194	86.357
1211	85.941
1229	86.238
1247	86.258
1265	86.284
1283	86.376
1302	86.462
1321	86.418
1340	86.032
1360	86.571
1379	86.538
1399	86.457
1420	86.371
1440	86.300
1461	86.204
1483	86.123
1504	86.034
1526	85.927
1548	85.810
1571	85.683
1594	85.566
1617	85.445
1640	85.345
1664	85.240
1688	85.124
1713	85.029
1738	84.940
1763	84.883
1789	84.872
1815	84.899
1841	84.978
1868	85.119
1895	85.290
1923	85.479
1951	85.707
1979	85.940
2008	86.206
2037	86.498
2067	86.797
2097	87.043
2127	87.232
2158	87.348
2190	87.394
2221	87.402
2254	87.414
2287	87.432
2320	87.463
2354	87.567
2388	87.764
2423	88.081
2458	88.498
2494	89.063
2530	89.697
2567	90.346
2604	90.923
2642	91.392
2680	91.744
2719	91.919
2759	91.973
2799	91.974
2840	91.957
2881	91.960
2923	91.968
2965	92.007
3008	92.057
3052	92.132
3097	92.234
3142	92.392
3187	92.542
3234	92.712
3281	92.896
3328	93.101
3377	93.338
3426	93.600
3476	93.864
3526	94.119
3578	94.361
3630	94.655
3682	94.871
3736	95.106
3790	95.354
3846	95.632
3901	95.872
3958	96.108
4016	96.334
4074	96.679
4133	97.109
4194	97.743
4255	98.572
4316	99.384
4379	99.697
4443	99.370
4508	98.766
4573	98.217
4640	97.814
4707	97.547
4776	97.328
4845	97.100
4916	96.830
4987	96.514
5060	96.118
5133	95.566
5208	94.757
5284	93.574
5360	91.974
5438	90.006
5518	88.101
5598	87.059
5679	87.200
5762	87.953
5846	88.696
5931	89.091
6017	89.223
6104	89.022
6193	88.540
6283	88.181
6375	88.155
6467	88.157
6561	87.961
6657	87.483
6754	86.875
6852	86.227
6952	85.626
7053	85.076
7155	84.516
7259	83.939
7365	83.312
7472	82.810
7581	82.711
7691	83.371
7803	84.565
7916	85.931
8032	87.196
8148	88.114
8267	88.717
8387	89.075
8509	89.535
8633	90.281
8758	91.325
8886	92.481
9015	93.474
9146	94.038
9279	94.011
9414	93.495
9551	92.820
9690	92.051
9831	91.225
9974	90.213
10119	88.939
10266	87.324
10416	85.336
10567	83.382
10721	82.313
10877	82.257
11035	82.995
11196	83.743
11358	83.403
11524	83.601
11691	86.122
11861	87.356
12034	86.423
12209	84.391
12386	83.592
12567	83.287
12749	82.861
12935	83.664
13123	85.200
13314	86.633
13507	87.449
13704	88.307
13903	89.824
14105	91.299
14311	92.056
14519	91.899
14730	90.966
14944	89.848
15162	89.462
15382	89.510
15606	89.687
15833	89.502
16063	89.434
16297	90.153
16534	90.138
16774	87.385
17018	84.351
17266	82.487
17517	81.903
17772	81.476
18030	79.996
18293	78.095
18559	76.521
18829	75.455
19102	74.078
19380	68.236
20000	35.241
overall dB	0.0 dB	
decay	Average	
averaging	No Smoothing	
source	Totally Made Up	
		
		
saved	--/-/--, --:-- AM	
peak	0.0Hz	