		
Frequency	dB	Unweighted
19.5	68.9
19.8	69.1
20.1	69.4
20.3	69.6
20.6	69.8
20.9	70.0
21.2	70.2
21.6	70.5
21.9	70.7
22.2	70.9
22.5	71.1
22.8	71.3
23.2	71.5
23.5	71.7
23.8	71.9
24.2	72.0
24.5	72.2
24.9	72.4
25.3	72.6
25.6	72.8
26	73.0
26.4	73.2
26.8	73.5
27.2	73.7
27.5	73.9
28	74.1
28.4	74.4
28.8	74.6
29.2	74.9
29.6	75.1
30	75.3
30.5	75.6
30.9	75.8
31.4	76.0
31.8	76.2
32.3	76.5
32.8	76.7
33.2	76.9
33.7	77.2
34.2	77.4
34.7	77.6
35.2	77.8
35.7	78.0
36.2	78.2
36.8	78.4
37.3	78.5
37.9	78.7
38.4	78.9
39	79.1
39.5	79.3
40.1	79.5
40.7	79.7
41.3	79.9
41.9	80.1
42.5	80.2
43.1	80.4
43.7	80.5
44.4	80.7
45	80.8
45.7	81.0
46.3	81.1
47	81.3
47.7	81.5
48.4	81.6
49.1	81.8
49.8	81.9
50.5	82.0
51.3	82.1
52	82.3
52.8	82.4
53.5	82.5
54.3	82.6
55.1	82.7
55.9	82.8
56.7	82.9
57.5	83.0
58.4	83.0
59.2	83.1
60.1	83.2
61	83.2
61.8	83.3
62.7	83.3
63.7	83.4
64.6	83.4
65.5	83.5
66.5	83.5
67.4	83.6
68.4	83.6
69.4	83.7
70.4	83.8
71.5	83.8
72.5	83.9
73.5	83.9
74.6	83.9
75.7	83.9
76.8	84.0
77.9	84.0
79.1	84.0
80.2	84.0
81.4	84.1
82.6	84.1
83.8	84.1
85	84.2
86.2	84.2
87.5	84.2
88.7	84.2
90	84.2
91.3	84.2
92.7	84.2
94	84.2
95.4	84.2
96.8	84.2
98.2	84.2
99.6	84.3
101	84.2
103	84.2
104	84.2
106	84.1
107	84.1
109	84.1
110	84.1
112	84.1
113	84.0
115	84.0
117	84.0
118	83.9
120	83.9
122	83.9
124	83.8
125	83.8
127	83.8
129	83.7
131	83.6
133	83.6
135	83.6
137	83.6
139	83.6
141	83.5
143	83.5
145	83.5
147	83.4
149	83.4
151	83.4
154	83.3
156	83.2
158	83.3
160	83.2
163	83.1
165	83.1
168	83.0
170	83.0
172	82.9
175	82.9
177	82.8
180	82.8
183	82.7
185	82.6
188	82.6
191	82.5
194	82.5
196	82.5
199	82.4
202	82.3
205	82.3
208	82.2
211	82.2
214	82.1
217	82.1
220	82.1
224	82.1
227	82.1
230	82.0
234	82.0
237	82.1
240	82.1
244	82.0
247	82.0
251	81.9
255	81.9
258	81.8
262	81.7
266	81.7
270	81.7
274	81.7
278	81.6
282	81.5
286	81.5
290	81.5
294	81.5
298	81.4
303	81.4
307	81.4
312	81.3
316	81.3
321	81.2
325	81.2
330	81.1
335	81.1
340	81.1
345	81.1
350	81.2
355	81.3
360	81.4
365	81.4
371	81.5
376	81.5
382	81.5
387	81.5
393	81.5
398	81.4
404	81.5
410	81.4
416	81.4
422	81.3
428	81.3
434	81.3
441	81.3
447	81.2
454	81.2
460	81.2
467	81.1
474	81.1
481	81.1
488	81.1
495	81.1
502	81.0
509	81.0
517	81.0
524	81.0
532	80.9
540	80.9
547	80.9
555	80.9
563	80.9
572	80.8
580	80.7
588	80.7
597	80.7
606	80.7
614	80.7
623	80.6
632	80.5
642	80.5
651	80.5
660	80.4
670	80.4
680	80.4
690	80.3
700	80.2
710	80.2
720	80.2
731	80.1
741	80.1
752	80.1
763	80.0
774	80.0
785	80.0
797	79.9
808	79.9
820	79.9
832	79.8
844	79.8
856	79.9
869	79.9
882	80.0
894	80.0
907	80.1
921	80.2
934	80.4
948	80.6
961	80.8
975	81.1
990	81.3
1004	81.7
1019	82.0
1033	82.4
1048	82.7
1064	83.1
1079	83.4
1095	83.6
1111	83.9
1127	84.2
1143	84.5
1160	84.7
1177	84.9
1194	85.1
1211	85.3
1229	85.4
1247	85.5
1265	85.6
1283	85.7
1302	85.7
1321	85.7
1340	85.8
1360	85.7
1379	85.7
1399	85.6
1420	85.7
1440	85.9
1461	86.0
1483	86.1
1504	86.1
1526	86.1
1548	86.1
1571	86.1
1594	86.0
1617	85.9
1640	85.8
1664	85.7
1688	85.6
1713	85.4
1738	85.3
1763	85.1
1789	85.0
1815	84.7
1841	84.5
1868	84.4
1895	84.1
1923	83.8
1951	83.5
1979	83.0
2008	82.5
2037	82.3
2067	82.2
2097	82.1
2127	82.0
2158	81.9
2190	81.8
2221	81.6
2254	81.5
2287	81.4
2320	81.3
2354	81.2
2388	81.2
2423	81.1
2458	81.2
2494	81.2
2530	81.2
2567	81.3
2604	81.3
2642	81.4
2680	81.5
2719	81.6
2759	81.8
2799	81.9
2840	82.1
2881	82.3
2923	82.5
2965	82.7
3008	82.9
3052	83.2
3097	83.5
3142	83.8
3187	84.2
3234	84.5
3281	84.7
3328	85.0
3377	85.1
3426	85.1
3476	85.2
3526	85.3
3578	85.5
3630	85.9
3682	86.4
3736	86.9
3790	87.5
3846	88.1
3901	88.8
3958	89.4
4016	90.0
4074	90.6
4133	91.4
4194	92.2
4255	93.3
4316	94.5
4379	95.9
4443	97.5
4508	99.0
4573	99.9
4640	99.9
4707	99.1
4776	97.9
4845	96.8
4916	96.0
4987	95.7
5060	95.5
5133	95.2
5208	95.3
5284	95.4
5360	95.4
5438	95.4
5518	95.1
5598	94.4
5679	93.5
5762	92.4
5846	91.3
5931	90.2
6017	89.2
6104	88.4
6193	87.8
6283	87.5
6375	87.2
6467	86.8
6561	86.5
6657	86.3
6754	86.3
6852	86.4
6952	86.4
7053	86.4
7155	86.3
7259	86.3
7365	86.3
7472	86.4
7581	86.5
7691	86.6
7803	86.7
7916	87.0
8032	87.3
8148	87.5
8267	87.4
8387	87.0
8509	86.4
8633	85.6
8758	84.4
8886	82.9
9015	81.3
9146	80.0
9279	78.8
9414	77.7
9551	76.4
9690	74.9
9831	73.5
9974	72.0
10119	70.4
10266	68.6
10416	66.5
10567	63.9
10721	61.3
10877	59.8
11035	63.0
11196	67.9
11358	72.3
11524	75.9
11691	78.3
11861	79.5
12034	79.5
12209	78.8
12386	77.8
12567	76.7
12749	75.6
12935	74.6
13123	73.5
13314	72.5
13507	71.8
13704	71.3
13903	71.1
14105	70.9
14311	70.8
14519	71.0
14730	72.1
14944	73.2
15162	74.0
15382	74.9
15606	75.9
15833	76.4
16063	76.4
16297	75.8
16534	74.7
16774	73.4
17018	71.9
17266	70.5
17517	69.6
17772	68.6
18030	67.6
18293	66.3
18559	64.7
18829	63.1
19102	61.5
19380	60.1
20000	59.0
overall dB	0.0 dB	
decay	Average	
averaging	No Smoothing	
source	Totally Made Up	
		
		
saved	--/-/--, --:-- AM	
peak	0.0Hz	