		
Frequency	dB	Unweighted
19.5	84.3
19.8	84.5
20.1	84.6
20.3	84.8
20.6	84.9
20.9	85.1
21.2	85.2
21.6	85.4
21.9	85.5
22.2	85.6
22.5	85.8
22.8	86.0
23.2	86.1
23.5	86.3
23.8	86.4
24.2	86.5
24.5	86.6
24.9	86.8
25.3	86.9
25.6	87.0
26	87.1
26.4	87.3
26.8	87.4
27.2	87.5
27.5	87.6
28	87.7
28.4	87.9
28.8	88.0
29.2	88.1
29.6	88.2
30	88.3
30.5	88.4
30.9	88.5
31.4	88.6
31.8	88.7
32.3	88.8
32.8	88.9
33.2	89.0
33.7	89.1
34.2	89.2
34.7	89.2
35.2	89.3
35.7	89.4
36.2	89.4
36.8	89.5
37.3	89.6
37.9	89.6
38.4	89.7
39	89.7
39.5	89.8
40.1	89.9
40.7	89.9
41.3	90.0
41.9	90.0
42.5	90.0
43.1	90.1
43.7	90.1
44.4	90.1
45	90.1
45.7	90.1
46.3	90.2
47	90.2
47.7	90.2
48.4	90.2
49.1	90.2
49.8	90.2
50.5	90.2
51.3	90.2
52	90.2
52.8	90.2
53.5	90.2
54.3	90.2
55.1	90.2
55.9	90.1
56.7	90.1
57.5	90.1
58.4	90.0
59.2	90.0
60.1	89.9
61	89.8
61.8	89.7
62.7	89.6
63.7	89.5
64.6	89.4
65.5	89.3
66.5	89.3
67.4	89.2
68.4	89.1
69.4	89.1
70.4	89.1
71.5	89.1
72.5	89.1
73.5	89.2
74.6	89.2
75.7	89.3
76.8	89.4
77.9	89.5
79.1	89.6
80.2	89.7
81.4	89.8
82.6	90.0
83.8	90.1
85	90.2
86.2	90.3
87.5	90.3
88.7	90.4
90	90.4
91.3	90.5
92.7	90.6
94	90.6
95.4	90.7
96.8	90.7
98.2	90.7
99.6	90.7
101	90.8
103	90.8
104	90.8
106	90.8
107	90.8
109	90.8
110	90.8
112	90.8
113	90.8
115	90.8
117	90.8
118	90.8
120	90.8
122	90.8
124	90.8
125	90.7
127	90.7
129	90.7
131	90.7
133	90.7
135	90.7
137	90.7
139	90.6
141	90.6
143	90.6
145	90.5
147	90.5
149	90.4
151	90.4
154	90.3
156	90.2
158	90.1
160	90.0
163	89.9
165	89.9
168	89.8
170	89.8
172	89.8
175	89.8
177	89.7
180	89.7
183	89.6
185	89.5
188	89.5
191	89.4
194	89.3
196	89.2
199	89.1
202	88.9
205	88.8
208	88.8
211	88.8
214	88.7
217	88.7
220	88.7
224	88.7
227	88.6
230	88.5
234	88.3
237	88.1
240	87.9
244	87.7
247	87.6
251	87.6
255	87.6
258	87.6
262	87.5
266	87.4
270	87.3
274	87.2
278	87.1
282	86.9
286	86.8
290	86.6
294	86.4
298	86.3
303	86.1
307	85.9
312	85.7
316	85.5
321	85.3
325	85.1
330	84.9
335	84.8
340	84.6
345	84.4
350	84.3
355	84.2
360	84.1
365	83.9
371	83.8
376	83.7
382	83.5
387	83.4
393	83.2
398	83.1
404	82.9
410	82.8
416	82.7
422	82.5
428	82.4
434	82.3
441	82.2
447	82.0
454	81.9
460	81.7
467	81.6
474	81.5
481	81.4
488	81.3
495	81.2
502	81.1
509	81.0
517	80.9
524	80.8
532	80.8
540	80.7
547	80.6
555	80.6
563	80.5
572	80.5
580	80.4
588	80.3
597	80.3
606	80.2
614	80.2
623	80.1
632	80.0
642	79.9
651	79.9
660	79.8
670	79.7
680	79.7
690	79.7
700	79.6
710	79.6
720	79.6
731	79.6
741	79.6
752	79.5
763	79.5
774	79.5
785	79.5
797	79.4
808	79.4
820	79.4
832	79.4
844	79.5
856	79.6
869	79.7
882	79.8
894	80.0
907	80.2
921	80.3
934	80.5
948	80.7
961	81.0
975	81.3
990	81.5
1004	81.8
1019	82.1
1033	82.3
1048	82.6
1064	82.9
1079	83.1
1095	83.3
1111	83.5
1127	83.6
1143	83.7
1160	83.8
1177	83.8
1194	83.8
1211	83.8
1229	83.6
1247	83.5
1265	83.3
1283	83.2
1302	83.2
1321	83.3
1340	83.3
1360	83.4
1379	83.4
1399	83.3
1420	83.3
1440	83.3
1461	83.2
1483	83.2
1504	83.2
1526	83.1
1548	83.1
1571	83.0
1594	83.0
1617	83.0
1640	83.0
1664	83.0
1688	83.0
1713	83.0
1738	83.0
1763	83.0
1789	83.0
1815	83.0
1841	83.1
1868	83.1
1895	83.1
1923	83.1
1951	83.0
1979	82.8
2008	82.7
2037	82.7
2067	82.9
2097	83.1
2127	83.3
2158	83.5
2190	83.7
2221	83.9
2254	84.0
2287	84.1
2320	84.3
2354	84.5
2388	84.6
2423	84.8
2458	84.9
2494	85.1
2530	85.2
2567	85.4
2604	85.5
2642	85.7
2680	85.8
2719	86.0
2759	86.1
2799	86.3
2840	86.4
2881	86.5
2923	86.7
2965	86.9
3008	87.1
3052	87.3
3097	87.5
3142	87.8
3187	88.0
3234	88.3
3281	88.5
3328	88.8
3377	88.9
3426	89.0
3476	89.1
3526	89.2
3578	89.4
3630	89.6
3682	90.0
3736	90.6
3790	91.1
3846	91.7
3901	92.3
3958	92.9
4016	93.4
4074	93.8
4133	94.4
4194	95.2
4255	96.1
4316	97.1
4379	97.8
4443	98.1
4508	97.9
4573	97.1
4640	96.0
4707	95.0
4776	94.1
4845	93.4
4916	93.0
4987	92.8
5060	92.8
5133	92.9
5208	93.4
5284	93.8
5360	94.3
5438	94.6
5518	94.6
5598	94.1
5679	93.1
5762	91.8
5846	90.5
5931	89.2
6017	88.4
6104	87.8
6193	87.6
6283	87.3
6375	86.8
6467	86.0
6561	85.1
6657	84.3
6754	83.8
6852	83.6
6952	83.4
7053	83.2
7155	82.9
7259	82.8
7365	82.9
7472	83.0
7581	83.1
7691	83.2
7803	83.5
7916	83.8
8032	84.3
8148	84.7
8267	85.3
8387	85.8
8509	86.3
8633	86.8
8758	87.0
8886	86.8
9015	86.3
9146	86.0
9279	86.0
9414	85.7
9551	84.9
9690	83.5
9831	81.6
9974	79.6
10119	77.8
10266	76.5
10416	76.0
10567	76.4
10721	77.5
10877	78.7
11035	79.9
11196	81.1
11358	82.4
11524	83.7
11691	84.8
11861	85.0
12034	84.5
12209	83.9
12386	83.3
12567	82.5
12749	80.8
12935	78.6
13123	77.0
13314	76.6
13507	77.3
13704	78.8
13903	81.1
14105	83.0
14311	83.7
14519	83.4
14730	82.6
14944	82.2
15162	82.4
15382	82.7
15606	82.6
15833	82.2
16063	81.8
16297	81.5
16534	81.4
16774	81.2
17018	80.8
17266	80.4
17517	79.8
17772	78.4
18030	77.3
18293	76.2
18559	74.1
18829	71.8
19102	69.6
19380	68.0
20000	66.7
overall dB	0.0 dB	
decay	Average	
averaging	No Smoothing	
source	Totally Made Up	
		
		
saved	--/-/--, --:-- AM	
peak	0.0Hz	