		
Frequency	dB	Unweighted
19.5	91.6	
19.8	91.6	
20.1	91.7	
20.3	91.8	
20.6	91.9	
20.9	92.0	
21.2	92.0	
21.6	92.1	
21.9	92.2	
22.2	92.3	
22.5	92.4	
22.8	92.4	
23.2	92.5	
23.5	92.6	
23.8	92.6	
24.2	92.7	
24.5	92.7	
24.9	92.8	
25.3	92.8	
25.6	92.8	
26	92.9	
26.4	92.9	
26.8	92.9	
27.2	92.9	
27.5	93.0	
28	93.0	
28.4	93.1	
28.8	93.2	
29.2	93.2	
29.6	93.3	
30	93.3	
30.5	93.3	
30.9	93.3	
31.4	93.3	
31.8	93.3	
32.3	93.3	
32.8	93.3	
33.2	93.3	
33.7	93.3	
34.2	93.3	
34.7	93.2	
35.2	93.2	
35.7	93.2	
36.2	93.1	
36.8	93.1	
37.3	93.1	
37.9	93.1	
38.4	93.0	
39	93.0	
39.5	93.0	
40.1	93.0	
40.7	93.0	
41.3	92.9	
41.9	92.9	
42.5	92.8	
43.1	92.8	
43.7	92.8	
44.4	92.7	
45	92.7	
45.7	92.7	
46.3	92.7	
47	92.6	
47.7	92.6	
48.4	92.6	
49.1	92.6	
49.8	92.6	
50.5	92.6	
51.3	92.7	
52	92.7	
52.8	92.7	
53.5	92.7	
54.3	92.8	
55.1	92.8	
55.9	92.8	
56.7	92.9	
57.5	92.9	
58.4	93.0	
59.2	93.1	
60.1	93.2	
61	93.3	
61.8	93.4	
62.7	93.5	
63.7	93.6	
64.6	93.7	
65.5	93.8	
66.5	93.9	
67.4	94.0	
68.4	94.1	
69.4	94.2	
70.4	94.3	
71.5	94.3	
72.5	94.4	
73.5	94.5	
74.6	94.5	
75.7	94.6	
76.8	94.7	
77.9	94.7	
79.1	94.8	
80.2	94.8	
81.4	94.9	
82.6	95.0	
83.8	95.0	
85	95.1	
86.2	95.1	
87.5	95.1	
88.7	95.2	
90	95.2	
91.3	95.2	
92.7	95.2	
94	95.2	
95.4	95.3	
96.8	95.3	
98.2	95.4	
99.6	95.4	
101	95.4	
103	95.4	
104	95.3	
106	95.3	
107	95.3	
109	95.2	
110	95.1	
112	95.1	
113	95.2	
115	95.2	
117	95.1	
118	95.1	
120	95.1	
122	95.0	
124	95.0	
125	95.0	
127	94.9	
129	94.9	
131	94.8	
133	94.8	
135	94.8	
137	94.7	
139	94.7	
141	94.6	
143	94.6	
145	94.5	
147	94.5	
149	94.4	
151	94.3	
154	94.2	
156	94.2	
158	94.1	
160	94.1	
163	94.1	
165	94.1	
168	94.1	
170	94.1	
172	94.1	
175	94.0	
177	94.0	
180	93.9	
183	93.9	
185	93.8	
188	93.7	
191	93.7	
194	93.6	
196	93.5	
199	93.5	
202	93.4	
205	93.3	
208	93.3	
211	93.2	
214	93.2	
217	93.2	
220	93.2	
224	93.2	
227	93.2	
230	93.1	
234	93.1	
237	93.0	
240	92.9	
244	92.8	
247	92.8	
251	92.8	
255	92.8	
258	92.7	
262	92.7	
266	92.6	
270	92.6	
274	92.6	
278	92.5	
282	92.5	
286	92.4	
290	92.4	
294	92.3	
298	92.2	
303	92.1	
307	92.0	
312	91.9	
316	91.8	
321	91.8	
325	91.7	
330	91.6	
335	91.5	
340	91.5	
345	91.4	
350	91.3	
355	91.3	
360	91.2	
365	91.1	
371	91.0	
376	90.9	
382	90.8	
387	90.7	
393	90.6	
398	90.5	
404	90.4	
410	90.3	
416	90.2	
422	90.1	
428	90.1	
434	90.0	
441	89.9	
447	89.8	
454	89.7	
460	89.6	
467	89.6	
474	89.5	
481	89.5	
488	89.5	
495	89.5	
502	89.4	
509	89.4	
517	89.4	
524	89.3	
532	89.3	
540	89.3	
547	89.3	
555	89.3	
563	89.4	
572	89.4	
580	89.4	
588	89.3	
597	89.2	
606	89.2	
614	89.2	
623	89.2	
632	89.2	
642	89.2	
651	89.2	
660	89.2	
670	89.2	
680	89.1	
690	89.1	
700	89.2	
710	89.2	
720	89.2	
731	89.2	
741	89.3	
752	89.3	
763	89.4	
774	89.5	
785	89.6	
797	89.7	
808	89.8	
820	89.9	
832	90.1	
844	90.2	
856	90.4	
869	90.6	
882	90.8	
894	91.1	
907	91.3	
921	91.6	
934	91.8	
948	92.1	
961	92.4	
975	92.6	
990	93.0	
1004	93.3	
1019	93.6	
1033	93.9	
1048	94.2	
1064	94.5	
1079	94.8	
1095	95.1	
1111	95.3	
1127	95.5	
1143	95.6	
1160	95.7	
1177	95.7	
1194	95.8	
1211	95.8	
1229	95.8	
1247	95.8	
1265	95.8	
1283	96.0	
1302	96.1	
1321	96.2	
1340	96.3	
1360	96.4	
1379	96.5	
1399	96.5	
1420	96.6	
1440	96.6	
1461	96.6	
1483	96.6	
1504	96.6	
1526	96.6	
1548	96.5	
1571	96.5	
1594	96.5	
1617	96.5	
1640	96.5	
1664	96.5	
1688	96.5	
1713	96.6	
1738	96.6	
1763	96.7	
1789	96.8	
1815	96.9	
1841	97.1	
1868	97.2	
1895	97.4	
1923	97.5	
1951	97.6	
1979	97.8	
2008	98.0	
2037	98.1	
2067	98.3	
2097	98.5	
2127	98.7	
2158	98.8	
2190	99.0	
2221	99.2	
2254	99.4	
2287	99.5	
2320	99.7	
2354	99.8	
2388	100.0	
2423	100.1	
2458	100.2	
2494	100.3	
2530	100.3	
2567	100.3	
2604	100.2	
2642	100.0	
2680	99.6	
2719	99.1	
2759	98.5	
2799	97.7	
2840	96.7	
2881	95.6	
2923	94.7	
2965	94.2	
3008	94.6	
3052	95.5	
3097	96.8	
3142	98.0	
3187	99.0	
3234	100.0	
3281	100.8	
3328	101.6	
3377	102.2	
3426	102.8	
3476	103.3	
3526	103.7	
3578	104.2	
3630	104.8	
3682	105.3	
3736	105.9	
3790	106.5	
3846	107.1	
3901	107.8	
3958	108.5	
4016	109.3	
4074	110.0	
4133	110.8	
4194	111.6	
4255	112.3	
4316	113.0	
4379	113.5	
4443	113.9	
4508	114.0	
4573	114.0	
4640	113.9	
4707	113.6	
4776	113.3	
4845	112.9	
4916	112.5	
4987	112.1	
5060	111.5	
5133	110.9	
5208	110.2	
5284	109.4	
5360	108.5	
5438	107.6	
5518	106.7	
5598	105.7	
5679	104.8	
5762	103.8	
5846	102.8	
5931	101.8	
6017	100.8	
6104	99.7	
6193	98.6	
6283	97.6	
6375	96.5	
6467	95.5	
6561	94.6	
6657	93.7	
6754	92.8	
6852	92.0	
6952	91.1	
7053	90.3	
7155	89.7	
7259	89.3	
7365	89.2	
7472	89.4	
7581	89.7	
7691	90.1	
7803	90.7	
7916	91.3	
8032	91.9	
8148	92.7	
8267	93.5	
8387	94.3	
8509	95.0	
8633	95.0	
8758	93.9	
8886	91.7	
9015	88.6	
9146	85.1	
9279	82.2	
9414	82.1	
9551	83.9	
9690	85.8	
9831	87.4	
9974	89.0	
10119	90.5	
10266	91.9	
10416	93.1	
10567	94.1	
10721	94.8	
10877	95.2	
11035	95.3	
11196	95.2	
11358	95.2	
11524	95.7	
11691	96.3	
11861	97.1	
12034	97.8	
12209	98.3	
12386	98.5	
12567	98.5	
12749	98.0	
12935	97.4	
13123	97.0	
13314	97.0	
13507	97.3	
13704	97.8	
13903	98.3	
14105	98.6	
14311	99.0	
14519	100.2	
14730	102.0	
14944	103.4	
15162	104.1	
15382	104.2	
15606	104.1	
15833	103.5	
16063	102.4	
16297	101.1	
16534	99.6	
16774	98.2	
17018	97.2	
17266	95.6	
17517	92.5	
17772	88.4	
18030	84.3	
18293	79.9	
18559	76.6	
18829	78.7	
19102	80.4	
19380	80.1	
20000	78.1	
overall dB	0.0 dB	
decay	Average	
averaging	No Smoothing	
source	Totally Made Up	
		
		
saved	--/-/--, --:-- AM	
peak	0.0Hz	