		
Frequency	dB	Unweighted
19.5	69.9
19.8	70.2
20.1	70.4
20.3	70.6
20.6	70.8
20.9	71.0
21.2	71.2
21.6	71.3
21.9	71.5
22.2	71.6
22.5	71.8
22.8	72.0
23.2	72.1
23.5	72.3
23.8	72.4
24.2	72.5
24.5	72.7
24.9	72.8
25.3	73.0
25.6	73.2
26	73.4
26.4	73.5
26.8	73.7
27.2	73.8
27.5	74.0
28	74.1
28.4	74.3
28.8	74.5
29.2	74.6
29.6	74.8
30	74.9
30.5	75.1
30.9	75.2
31.4	75.3
31.8	75.5
32.3	75.6
32.8	75.8
33.2	75.9
33.7	76.0
34.2	76.2
34.7	76.3
35.2	76.4
35.7	76.5
36.2	76.7
36.8	76.8
37.3	76.9
37.9	77.1
38.4	77.2
39	77.3
39.5	77.4
40.1	77.5
40.7	77.6
41.3	77.7
41.9	77.8
42.5	77.9
43.1	77.9
43.7	78.0
44.4	78.1
45	78.2
45.7	78.3
46.3	78.5
47	78.6
47.7	78.7
48.4	78.8
49.1	78.9
49.8	78.9
50.5	79.0
51.3	79.0
52	79.1
52.8	79.2
53.5	79.3
54.3	79.4
55.1	79.5
55.9	79.5
56.7	79.6
57.5	79.6
58.4	79.7
59.2	79.7
60.1	79.8
61	79.9
61.8	80.0
62.7	80.1
63.7	80.2
64.6	80.3
65.5	80.5
66.5	80.8
67.4	81.1
68.4	81.2
69.4	81.3
70.4	81.2
71.5	81.2
72.5	81.2
73.5	81.2
74.6	81.3
75.7	81.3
76.8	81.4
77.9	81.4
79.1	81.5
80.2	81.6
81.4	81.6
82.6	81.7
83.8	81.8
85	81.9
86.2	81.9
87.5	81.9
88.7	82.0
90	82.1
91.3	82.2
92.7	82.2
94	82.3
95.4	82.4
96.8	82.4
98.2	82.5
99.6	82.5
101	82.6
103	82.6
104	82.7
106	82.7
107	82.7
109	82.8
110	82.8
112	82.8
113	82.9
115	82.9
117	82.9
118	82.9
120	83.0
122	83.0
124	83.0
125	83.0
127	83.0
129	82.9
131	82.9
133	82.9
135	82.9
137	82.9
139	82.8
141	82.8
143	82.7
145	82.7
147	82.7
149	82.7
151	82.6
154	82.6
156	82.6
158	82.6
160	82.6
163	82.6
165	82.6
168	82.6
170	82.6
172	82.6
175	82.6
177	82.6
180	82.6
183	82.7
185	82.7
188	82.7
191	82.7
194	82.7
196	82.7
199	82.7
202	82.7
205	82.7
208	82.7
211	82.7
214	82.7
217	82.7
220	82.7
224	82.7
227	82.7
230	82.7
234	82.7
237	82.7
240	82.8
244	82.8
247	82.8
251	82.8
255	82.7
258	82.8
262	82.8
266	82.8
270	82.9
274	82.9
278	82.9
282	82.8
286	82.8
290	82.7
294	82.7
298	82.6
303	82.5
307	82.5
312	82.4
316	82.3
321	82.3
325	82.2
330	82.2
335	82.1
340	82.1
345	82.1
350	82.1
355	82.1
360	82.0
365	82.0
371	81.9
376	81.8
382	81.8
387	81.7
393	81.7
398	81.6
404	81.5
410	81.5
416	81.4
422	81.4
428	81.3
434	81.3
441	81.2
447	81.1
454	81.1
460	81.0
467	80.9
474	80.8
481	80.7
488	80.7
495	80.6
502	80.5
509	80.5
517	80.4
524	80.3
532	80.2
540	80.2
547	80.1
555	80.0
563	79.9
572	79.9
580	79.8
588	79.7
597	79.7
606	79.6
614	79.6
623	79.5
632	79.5
642	79.4
651	79.3
660	79.2
670	79.2
680	79.1
690	79.1
700	79.0
710	79.0
720	79.0
731	78.9
741	78.9
752	78.9
763	78.9
774	78.9
785	78.9
797	78.9
808	78.9
820	78.9
832	79.0
844	79.0
856	79.0
869	79.1
882	79.1
894	79.2
907	79.2
921	79.3
934	79.4
948	79.5
961	79.6
975	79.7
990	79.8
1004	79.9
1019	80.0
1033	80.2
1048	80.3
1064	80.5
1079	80.6
1095	80.8
1111	80.9
1127	81.0
1143	81.1
1160	81.2
1177	81.3
1194	81.5
1211	81.6
1229	81.7
1247	81.8
1265	81.9
1283	82.1
1302	82.2
1321	82.3
1340	82.3
1360	82.4
1379	82.5
1399	82.6
1420	82.7
1440	82.7
1461	82.8
1483	82.8
1504	82.9
1526	82.9
1548	82.9
1571	82.9
1594	83.0
1617	83.1
1640	83.2
1664	83.3
1688	83.4
1713	83.5
1738	83.6
1763	83.6
1789	83.7
1815	83.7
1841	83.7
1868	83.8
1895	83.8
1923	83.7
1951	83.7
1979	83.7
2008	83.7
2037	83.8
2067	83.8
2097	83.8
2127	83.9
2158	83.9
2190	84.0
2221	84.0
2254	84.1
2287	84.1
2320	84.2
2354	84.2
2388	84.3
2423	84.3
2458	84.5
2494	84.6
2530	84.8
2567	85.0
2604	85.2
2642	85.4
2680	85.6
2719	85.8
2759	86.1
2799	86.3
2840	86.6
2881	86.9
2923	87.2
2965	87.5
3008	87.8
3052	88.2
3097	88.6
3142	89.0
3187	89.4
3234	89.8
3281	90.3
3328	90.9
3377	91.4
3426	91.9
3476	92.3
3526	92.7
3578	93.0
3630	93.4
3682	93.7
3736	94.1
3790	94.5
3846	94.8
3901	95.0
3958	95.0
4016	95.1
4074	95.3
4133	95.7
4194	96.4
4255	97.4
4316	98.5
4379	99.5
4443	100.3
4508	100.9
4573	101.1
4640	101.1
4707	100.7
4776	100.1
4845	99.3
4916	98.4
4987	97.3
5060	96.1
5133	94.9
5208	93.8
5284	92.8
5360	91.9
5438	91.1
5518	90.4
5598	89.8
5679	89.2
5762	88.6
5846	88.0
5931	87.6
6017	87.1
6104	86.7
6193	86.4
6283	86.1
6375	85.8
6467	85.5
6561	85.1
6657	84.7
6754	84.4
6852	84.2
6952	84.1
7053	84.1
7155	84.1
7259	84.1
7365	84.2
7472	84.3
7581	84.3
7691	84.4
7803	84.5
7916	84.6
8032	84.6
8148	84.6
8267	84.5
8387	84.3
8509	83.9
8633	83.4
8758	82.8
8886	82.0
9015	80.9
9146	79.6
9279	78.8
9414	78.9
9551	79.4
9690	79.7
9831	79.2
9974	78.2
10119	77.3
10266	76.5
10416	76.1
10567	76.0
10721	76.1
10877	76.4
11035	76.9
11196	77.0
11358	77.0
11524	76.8
11691	76.3
11861	75.8
12034	75.2
12209	74.7
12386	74.3
12567	74.1
12749	74.2
12935	74.7
13123	75.3
13314	75.7
13507	76.0
13704	76.4
13903	76.9
14105	77.4
14311	77.6
14519	77.7
14730	77.6
14944	77.5
15162	77.8
15382	78.2
15606	78.5
15833	78.6
16063	78.2
16297	77.3
16534	76.0
16774	74.4
17018	72.9
17266	71.5
17517	70.2
17772	68.8
18030	67.7
18293	67.0
18559	66.7
18829	65.8
19102	62.1
19380	53.6
20000	40.1
overall dB	0.0 dB	
decay	Average	
averaging	No Smoothing	
source	Totally Made Up	
		
		
saved	--/-/--, --:-- AM	
peak	0.0Hz	